BENCHMARK:		            RUN 1:				               RUN 2:				              RUN: 3			                 RUN 4:				                RUN 5:							           -1 200 X 200 (WM)           
0 200 X 200 (WM)           
1 200 X 200 (WM)           1084.171                           1072.454                           1058.623                           1076.995                           1075.842                           
2 300 X 300 (WM)           2076.748                           2090.661                           2085.836                           2061.866                           2065.677                           
3 400 X 400 (WM)           3193.405                           3233.768                           3209.546                           3182.507                           3139.688                           
4 500 X 500 (WM)           4780.405                           4908.564                           4874.689                           4821.500                           4841.182                           
5 600 X 600 (WM)           7467.921                           7475.662                           7614.124                           7582.684                           7589.742                           
6 700 X 700 (WM)           10380.099                          10455.427                          10488.129                          10516.631                          11852.747                          
7 200 X 200 (WG)           1671.163                           1683.538                           1722.431                           1751.957                           1715.970                           
8 300 X 300 (WG)           3829.519                           3715.654                           3685.286                           3648.831                           3616.536                           
9 400 X 400 (WG)           5777.128                           5726.277                           5798.934                           5822.438                           5819.018                           
10 500 X 500 (WG)           9287.754                           9215.121                           9173.025                           9285.723                           9219.337                           
11 600 X 600 (WG)           14003.369                          13899.344                          13128.043                          13391.880                          13494.135                          
12 700 X 700 (WG)           19218.058                          19437.143                          19233.649                          19131.434                          19590.444                          
13 200 X 200 (DM)           182.511                            180.904                            184.613                            181.135                            183.165                            
14 300 X 300 (DM)           282.693                            284.548                            287.362                            273.275                            281.411                            
15 400 X 400 (DM)           267.674                            273.985                            274.639                            274.330                            260.730                            
16 500 X 500 (DM)           318.648                            315.548                            320.227                            321.326                            316.818                            
17 600 X 600 (DM)           489.433                            476.071                            501.580                            470.994                            496.290                            
18 700 X 700 (DM)           583.275                            582.275                            574.035                            577.730                            613.476                            
19 200 X 200 (DG)           178.027                            178.631                            177.583                            181.135                            181.236                            
20 300 X 300 (DG)           244.642                            229.450                            237.084                            230.569                            238.597                            
21 400 X 400 (DG)           269.339                            292.000                            269.447                            265.922                            284.843                            
22 500 X 500 (DG)           324.937                            314.494                            316.356                            328.190                            318.020                            
23 600 X 600 (DG)           401.428                            396.824                            414.733                            406.628                            366.290                            
24 700 X 700 (DG)           504.298                            504.478                            508.344                            530.890                            515.014                            
